{
  "height": 21,
  "width": 188,
  "x": 71.5999984741211,
  "y": 566.7374877929688
}