{
  "height": 21,
  "width": 217,
  "x": 700.203125,
  "y": 865.984375
}