{
  "height": 21,
  "width": 217,
  "x": 700.203125,
  "y": 1041.578125
}