{
  "height": 21,
  "width": 217,
  "x": 700.4000244140625,
  "y": 1040.5999755859375
}